"V1" "V2" "V3" "V4" "V5" "V6" "V7" "V8"
"1" 0.535675649400558 0.00954904262637999 -0.0908910410970367 0.0590660155443033 0.04954021275474 0.00823084173222001 0.154486048266467 0.06530630966709
"2" 0.00954904262637999 0.476451639572945 0.125231862476607 -0.0298259154214633 0.17503039828386 0.142112173359793 0.201115402217173 0.210392173877667
"3" -0.0908910410970367 0.125231862476607 0.670098628436758 -0.0796170234497433 0.241554461934693 0.226854694858427 0.216473235401953 0.290166785862457
"4" 0.0590660155443033 -0.0298259154214633 -0.0796170234497433 0.478832811780418 -0.0667401608284767 -0.0460339532786033 0.00968243355658333 -0.0634859421869533
"5" 0.04954021275474 0.17503039828386 0.241554461934693 -0.0667401608284767 0.781143111962918 0.29921360107609 0.449318064424917 0.460727735285697
"6" 0.00823084173222001 0.142112173359793 0.226854694858427 -0.0460339532786033 0.29921360107609 0.644316984778945 0.346997915362643 0.362313402691917
"7" 0.154486048266467 0.201115402217173 0.216473235401953 0.00968243355658333 0.449318064424917 0.346997915362643 1.0254909557146 0.553147858816003
"8" 0.06530630966709 0.210392173877667 0.290166785862457 -0.0634859421869533 0.460727735285697 0.362313402691917 0.553147858816003 0.948656708831001
