"V1" "V2" "V3" "V4" "V5" "V6" "V7" "V8"
"1" 1.12073239086387 0.00452184230186807 -0.00425382324875833 -0.0095342830302177 0.011209154593946 0.025682447559611 0.012316823928723 -0.009560203039864
"2" 0.00452184230186807 1.183158530783 0.0150870868380733 0.0443267862196653 -0.186903933104455 -0.0642892829759313 -0.111018201646397 -0.158254481045961
"3" -0.00425382324875833 0.0150870868380733 1.14263530892734 0.0204976434121933 -0.0871406165945567 -0.114640715641058 -0.0777564043509417 -0.054218905322095
"4" -0.0095342830302177 0.0443267862196653 0.0204976434121933 1.15901663651461 -0.156080033822226 -0.096094946337711 -0.104247053152746 -0.102435762643533
"5" 0.011209154593946 -0.186903933104455 -0.0871406165945567 -0.156080033822226 1.71480176563404 0.365715788532747 0.40452838859088 0.446267566347953
"6" 0.025682447559611 -0.0642892829759313 -0.114640715641058 -0.096094946337711 0.365715788532747 1.56060128169874 0.31476121275204 0.214869335098697
"7" 0.012316823928723 -0.111018201646397 -0.0777564043509417 -0.104247053152746 0.40452838859088 0.31476121275204 1.4051445799133 0.284412895422983
"8" -0.009560203039864 -0.158254481045961 -0.054218905322095 -0.102435762643533 0.446267566347953 0.214869335098697 0.284412895422983 1.48256628932094
