"V1" "V2" "V3" "V4" "V5" "V6" "V7" "V8"
"1" 0.161894066902481 0.26697132668977 0.121686128445493 0.0566514455272567 0.0415112205072723 0.0243468310472733 0.09625218119579 0.0362206965043443
"2" 0.26697132668977 0.641360731890498 0.276102332883105 0.128082536124553 0.0868163235389163 0.0315934667217527 0.204853148636573 0.060109838825128
"3" 0.121686128445493 0.276102332883105 0.167756249934378 0.0602643767415839 0.0470405271820087 0.0281890260988793 0.109090118840728 0.034007120381764
"4" 0.0566514455272567 0.128082536124553 0.0602643767415839 0.0961365452221707 -0.077394598034049 -0.095987724521784 -0.0876330588183287 -0.0953338928690687
"5" 0.0415112205072723 0.0868163235389163 0.0470405271820087 -0.077394598034049 0.469553161579321 0.51510498695991 0.6348194131967 0.473889686357753
"6" 0.0243468310472733 0.0315934667217527 0.0281890260988793 -0.095987724521784 0.51510498695991 0.700676134926314 0.769774247220257 0.579327474770381
"7" 0.09625218119579 0.204853148636573 0.109090118840728 -0.0876330588183287 0.6348194131967 0.769774247220257 1.01129220237562 0.700626098956085
"8" 0.0362206965043443 0.060109838825128 0.034007120381764 -0.0953338928690687 0.473889686357753 0.579327474770381 0.700626098956085 0.575713177249435
